/*
 * This code is adapted from:
 *
 * 8 x 8 x 8 Cube Application Template, Version 7.0  © 2014 by Doug Domke
 * Downloads of this template and upcoming versions, along with detailed
 * instructions, are available at: http://d2-webdesign.com/cube
 *
 * Local modifications required to support the Pi cube software are
 * bracketed within #ifdef PICUBE
 */

// This table gives us the distance of each LED from the centre of the cube, for one layer. 
float distance[8][8] = {
{4.949747468,4.301162634,3.807886553,3.535533906,3.535533906,3.807886553,4.301162634,4.949747468,},
{4.301162634,3.535533906,2.915475947,2.549509757,2.549509757,2.915475947,3.535533906,4.301162634,},
{3.807886553,2.915475947,2.121320344,1.58113883,1.58113883,2.121320344,2.915475947,3.807886553,},
{3.535533906,2.549509757,1.58113883,0.707106781,0.707106781,1.58113883,2.549509757,3.535533906,},
{3.535533906,2.549509757,1.58113883,0.707106781,0.707106781,1.58113883,2.549509757,3.535533906,},
{3.807886553,2.915475947,2.121320344,1.58113883,1.58113883,2.121320344,2.915475947,3.807886553,},
{4.301162634,3.535533906,2.915475947,2.549509757,2.549509757,2.915475947,3.535533906,4.301162634,},
{4.949747468,4.301162634,3.807886553,3.535533906,3.535533906,3.807886553,4.301162634,4.949747468,}
};

